United_States_09d4:0.0036454386792038984
Wikimedia_Commons_7b57:0.0028800914493533293
Country:0.002369926017498029
England:0.001605192004599019
Europe:0.0015885486107129333
United_Kingdom_5ad7:0.0015803194240055054
Water:0.0015745470375102854
Germany:0.0015290138151218258
France:0.0015193545881982606
Animal:0.0015004301419947435
Earth:0.0014990209923393203
City:0.0013537035726971151
Week:0.0012685683895964773
Asia:0.001182768420647167
Sunday:0.0011641580809128736
Monday:0.0011458249495891483
Wednesday:0.0011349908083530334
Wiktionary:0.0011329258368012148
Money:0.0011170306292788278
Plant:0.0011095972370505109
Friday:0.0011072445150817963
Saturday:0.0010948499731264847
Thursday:0.0010805548453911911
Tuesday:0.0010728446780102526
Computer:0.0010717569290254855
English_language:0.0010658157285483281
Italy:0.0010438196138666523
India:0.0010321358685003981
Government:0.0010104581789564314
Number:9.86922946933184E-4
Spain:9.314640106244574E-4
Day:9.282008058179551E-4
Japan:9.137962711481966E-4
People:8.793323542653178E-4
Human:8.688650465257877E-4
Canada:8.684373872284514E-4
Wikimedia_Foundation_83d9:8.390639568804419E-4
Energy:8.317320037618189E-4
China:8.291812567971305E-4
index:8.211547228123148E-4
Australia:8.108069698842938E-4
Sun:8.054958369641486E-4
Food:8.041685107578017E-4
Science:7.952423796914267E-4
Mathematics:7.841793751014616E-4
Television:7.369319492246784E-4
Russia:7.201575892763379E-4
Year:6.976881438765576E-4
Music:6.925686674114572E-4
State:6.874200437655542E-4
Greece:6.777998551436602E-4
Language:6.765269355484126E-4
Capital_(city):6.71133578662764E-4
Scotland:6.703201148922269E-4
Metal:6.638932994153982E-4
Wikipedia:6.56464033695191E-4
Greek_language:6.499299229955098E-4
Planet:6.460840802887489E-4
2004:6.367903735799544E-4
Sound:6.266005539284756E-4
Religion:6.232078627408966E-4
London:6.209114823044213E-4
Africa:6.063210229632408E-4
Geography:5.802554366580001E-4
Liquid:5.798101189214599E-4
Law:5.752530435399865E-4
20th_century:5.743277347594661E-4
World:5.656209300161278E-4
Poland:5.631708642133489E-4
19th_century:5.615260480926532E-4
Scientist:5.612585209160455E-4
Society:5.590630210373731E-4
Atom:5.490115304887831E-4
History:5.359275060680329E-4
Light:5.353226554463378E-4
Latin:5.347515196943961E-4
Sweden:5.311638209014433E-4
War:5.237316855178864E-4
Netherlands:5.205324304034417E-4
Culture:5.202557275064678E-4
Turkey:5.057170670403513E-4
Building:5.050600735350993E-4
God:5.035105171876106E-4
Plural:5.01707751416459E-4
Information:4.958569063462282E-4
Chemical_element:4.9004158757994E-4
Centuries:4.850154663437984E-4
Portugal:4.825154986723895E-4
Denmark:4.7411528282109694E-4
Austria:4.7060107235194254E-4
Cyprus:4.6992678071406573E-4
Inhabitant:4.6927994440530853E-4
Ocean:4.6512379753112584E-4
Species:4.616655301249617E-4
Moon:4.6031411456680106E-4
Disease:4.599347127218414E-4
Biology:4.5951698602033557E-4
Book:4.584637657701226E-4
University:4.519377786289199E-4
Electricity:4.5127596980228227E-4
