United_States_09d4:0.0010371831658053242
2006:9.591322267398717E-4
United_Kingdom_5ad7:5.301191865038113E-4
2005:4.467435345075518E-4
Biography:3.773268517576973E-4
France:3.418421023379778E-4
England:3.398118522385535E-4
Canada:3.2487737211276074E-4
2004:3.1498621218803066E-4
Germany:2.9688041847367365E-4
Australia:2.710333849273939E-4
India:2.5421443068933684E-4
2003:2.4937581336720576E-4
Japan:2.386977573223916E-4
Geographic_coordinate_system:2.1635491631454614E-4
Italy:2.116134431546576E-4
Internet_Movie_Database_7ea7:2.068126908440061E-4
2002:2.0370966346594313E-4
2001:2.00755173086138E-4
Europe:1.9845742647032764E-4
London:1.8771193700602292E-4
World_War_II_d045:1.833604274843457E-4
2000:1.8112116309495507E-4
Record_label:1.7763560318220477E-4
English_language:1.7373678677792104E-4
1999:1.7041592767012937E-4
Spain:1.695278929999544E-4
Wiktionary:1.6724624673221186E-4
Russia:1.610355438090745E-4
Music_genre:1.49490902109457E-4
Wikimedia_Commons_7b57:1.4883702961610414E-4
1998:1.4757748292194172E-4
Football_(soccer):1.4112266199294926E-4
1997:1.4031417835266423E-4
Scotland:1.3626235161045433E-4
Television:1.3257045707883844E-4
Sweden:1.322779291310866E-4
1996:1.306015540609838E-4
New_York_City_1428:1.2836439382204754E-4
1995:1.2426611383210237E-4
China:1.2285376930538632E-4
Netherlands:1.1992331590173882E-4
1994:1.1857640580278355E-4
New_Zealand_2311:1.1676533671928998E-4
1991:1.1312027415583004E-4
Public_domain:1.1280512934650204E-4
Scientific_classification:1.1228240574931261E-4
1993:1.1223212281867772E-4
1990:1.1009506788246587E-4
California:1.0991567303687715E-4
Film:1.096713510247014E-4
Actor:1.0856901217377934E-4
1992:1.0757920412881374E-4
Poland:1.0593340382042403E-4
Norway:1.0470702863417387E-4
Population_density:1.0439930851817371E-4
Ireland:1.0274924868825021E-4
1989:1.0082034855155089E-4
Latin:1.0071849676505515E-4
Brazil:9.900353571686132E-5
1980:9.740513134077997E-5
January_1:9.712099909252481E-5
Album:9.580767938191471E-5
1986:9.570170048719212E-5
New_York_3da4:9.515088995019867E-5
Politician:9.46407223865718E-5
Mexico:9.443234720227526E-5
French_language:9.423420896587007E-5
Record_producer:9.402747086693263E-5
1985:9.351525262482635E-5
1982:9.31003509817816E-5
1979:9.288857675793303E-5
1981:9.262518937673299E-5
Paris:9.260032587194145E-5
1984:9.134725959423866E-5
1983:9.100920409422119E-5
1987:9.09991921752094E-5
1974:9.09109665200429E-5
South_Africa_1287:9.033900036102206E-5
Switzerland:8.9351270988877E-5
Personal_name:8.906243932675984E-5
1988:8.897448725795395E-5
1970:8.815927917404867E-5
1976:8.80891579530855E-5
1975:8.732705869757883E-5
Animal:8.695220522765066E-5
Soviet_Union_ad1f:8.640994967542561E-5
Greece:8.631268423518144E-5
1945:8.579074691988695E-5
1969:8.553822088163657E-5
1972:8.524287329887477E-5
1977:8.49413175682302E-5
1978:8.464540820532683E-5
Portugal:8.382627823032526E-5
Austria:8.304604764712078E-5
1973:8.302000992466E-5
Studio_album:8.293527017308772E-5
Iran:8.225801200932769E-5
Denmark:8.212333739073758E-5
1971:8.14726622792411E-5
