United_States_09d4:0.001037183154654106
2006:9.591424081566295E-4
United_Kingdom_5ad7:5.301207396279775E-4
2005:4.467416187212542E-4
Biography:3.7732075083367496E-4
France:3.418475941453605E-4
England:3.398153676218245E-4
Canada:3.2487810578422607E-4
2004:3.149945584232735E-4
Germany:2.9689753628074357E-4
Australia:2.710301561902064E-4
India:2.5421620054957763E-4
2003:2.4937159575277E-4
Japan:2.3870293651151553E-4
Geographic_coordinate_system:2.1637450891473593E-4
Italy:2.116049344652893E-4
Internet_Movie_Database_7ea7:2.0681028837346552E-4
2002:2.0371396662507876E-4
2001:2.0075387219944284E-4
Europe:1.9845707228073384E-4
London:1.8771838636723385E-4
World_War_II_d045:1.8336371610439434E-4
2000:1.811197779084553E-4
Record_label:1.776350665848967E-4
English_language:1.737315991790225E-4
1999:1.704217784685802E-4
Spain:1.69526074505706E-4
Wiktionary:1.6724546332955485E-4
Russia:1.6103539138131765E-4
Music_genre:1.4948902890246377E-4
Wikimedia_Commons_7b57:1.4884005191462136E-4
1998:1.4758414537278074E-4
Football_(soccer):1.411239013251803E-4
1997:1.4031666664449943E-4
Scotland:1.3626116674222342E-4
Television:1.325710590379362E-4
Sweden:1.3227201118417222E-4
1996:1.306043835800998E-4
New_York_City_1428:1.2836499455004316E-4
1995:1.2426865009219408E-4
China:1.2285827986630824E-4
Netherlands:1.1992683472043079E-4
1994:1.1858000145150765E-4
New_Zealand_2311:1.1676454995867472E-4
1991:1.1312368855845706E-4
Public_domain:1.1280649477633061E-4
Scientific_classification:1.122829418024912E-4
1993:1.1224510059330558E-4
1990:1.1009651027757483E-4
California:1.0991590275038837E-4
Film:1.0967016876993082E-4
Actor:1.0856889936646526E-4
1992:1.0758282484362817E-4
Poland:1.0595801577312606E-4
Norway:1.0471738650770092E-4
Population_density:1.0439895947278875E-4
Ireland:1.0274645693209505E-4
1989:1.0082247850845587E-4
Latin:1.0071728662698849E-4
Brazil:9.899576837934928E-5
1980:9.740476660108222E-5
January_1:9.710974459307212E-5
Album:9.581177852569405E-5
1986:9.570373023894128E-5
New_York_3da4:9.515128664063167E-5
Politician:9.464104758121552E-5
Mexico:9.44326037118803E-5
French_language:9.424413882531973E-5
Record_producer:9.402365350413941E-5
1985:9.351690231663529E-5
1982:9.310099253793689E-5
1979:9.288906101887035E-5
1981:9.262717675999647E-5
Paris:9.26049580508695E-5
1984:9.134956493755569E-5
1983:9.101557805812075E-5
1987:9.100002128350979E-5
1974:9.091127541273646E-5
South_Africa_1287:9.034079912066473E-5
Switzerland:8.934520447758916E-5
Personal_name:8.90582738908736E-5
1988:8.897613950213141E-5
1970:8.815958069152332E-5
1976:8.80904296213024E-5
1975:8.732700296953057E-5
Animal:8.695252693455615E-5
Soviet_Union_ad1f:8.641026051562102E-5
Greece:8.631605723166302E-5
1945:8.57924148886436E-5
1969:8.553881195621519E-5
1972:8.52427011666461E-5
1977:8.494136316408611E-5
1978:8.464646695470066E-5
Portugal:8.381549568001129E-5
Austria:8.304951726651609E-5
1973:8.302057786173686E-5
Studio_album:8.29369473544818E-5
Iran:8.226048266537471E-5
Denmark:8.213672584437082E-5
1971:8.147322981251981E-5
